14,8
14,11
263,35
156,4
156,3
14,13
63,1
63,3
65,1
65,3
234,3
234,1
230,3
230,1
229,3
229,1
228,8
228,3
228,2
228,1
228,0
226,3
226,2
226,1
226,0
225,5
225,4
225,3
225,2
225,1
225,0
224,6
224,5
224,4
224,3
11,2
11,1
11,3
12,2
12,1
12,3
224,2
224,1
224,0
222,6
222,5
222,4
222,3
222,2
222,1
222,0
220,6
220,5
220,4
220,3
220,2
220,1
220,0
218,6
218,5
218,4
218,3
218,2
218,1
218,0
216,4
216,3
20,2
216,2
20,1
216,1
216,0
215,6
215,5
215,4
215,3
215,2
20,3
215,1
215,0
212,5
212,4
212,3
19,2
212,2
212,1
19,1
212,0
210,7
210,6
210,5
210,4
210,3
19,3
210,2
210,1
210,0
207,5
207,1
197,8
197,4
197,3
197,1
187,5
187,1
185,3
185,1
182,3
182,1
181,3
181,1
168,5
168,3
168,1
165,4
165,3
165,1
163,4
163,3
